QR-decomposition.
 b=
  0.862064 
  0.392178 
  0.740234 
  0.602152 
A=
  0.443498     0.428307     0.178276     0.500095   
  0.305777     0.502518     0.549201     0.190106   
  0.636823     0.557437     0.517447     0.742943   
  0.884471    0.0257203       0.6287     0.855906   
  0.107435     0.212423     0.280885     0.603095   
  0.498239     0.126313     0.651718     0.313817   
  0.120453      0.78974    0.0449759     0.729117   
QR decomposition is done
After decomp:
 Q=A=
  0.335031     0.203279    -0.448665    -0.231671   
  0.230993      0.35081     0.558249    -0.425251   
  0.481075     0.233363   -0.0856817    -0.104187   
  0.668155    -0.436811    -0.201238     0.266659   
 0.0811595     0.159716     0.376068     0.774455   
  0.376385    -0.132383     0.496936    -0.105177   
 0.0909935     0.739806    -0.225493     0.269601   
R=
   1.32375     0.681572      1.12778      1.37416   
         0     0.983664    0.0668934     0.562042   
         0            0     0.475103    -0.135805   
         0            0            0     0.584764   
testing that Q'*Q=I :
 Q'*Q=
          1   2.77556e-17   8.32667e-17   -1.249e-16   
2.77556e-17            1   -2.77556e-17   -1.94289e-16   
8.32667e-17   -2.77556e-17            1   -6.245e-17   
-1.249e-16   -1.94289e-16   -6.245e-17            1   
testing that Q*R=A=
  0.443498     0.428307     0.178276     0.500095   
  0.305777     0.502518     0.549201     0.190106   
  0.636823     0.557437     0.517447     0.742943   
  0.884471    0.0257203       0.6287     0.855906   
  0.107435     0.212423     0.280885     0.603095   
  0.498239     0.126313     0.651718     0.313817   
  0.120453      0.78974    0.0449759     0.729117   
in order to test the solution algorithm, square matricies are created:new matricies:
 A=
  0.370886     0.390105     0.261281     0.915638   
  0.926237     0.402043     0.937186     0.390994   
  0.271395     0.414264     0.615002     0.839868   
  0.577626     0.749785     0.256565     0.310506   
b=
   0.79604 
   0.0761757 
    0.651654 
    0.910826 
  QR decomposition is done
Solve the equation QRx=b
Checking that Ax=b
 Ax=
   0.79604 
   0.0761757 
    0.651654 
    0.910826 
  






 Inverse matrix production:
The same square A matrix used above is used here.
The inverse matrix:
    1.9037      1.20703     -2.55349    -0.226861   
  -1.43094    -0.983657      1.32537      1.87339   
  -1.87965      0.36916      1.99689    -0.323289   
   1.46704    -0.175171    -0.100176    -0.614009   
checking that A^-1*A=I
 A^-1*A=
          1   -2.30371e-15   -3.51108e-15   -2.15106e-15   
3.33067e-15            1   3.05311e-15   1.88738e-15   
2.52576e-15   1.66533e-15            1   1.66533e-15   
-1.11022e-15   -6.66134e-16   -1.02696e-15            1   
A*A^-1=
         1   -6.38378e-16   2.77556e-16   -2.22045e-16   
-5.55112e-16            1   9.29812e-16   2.22045e-16   
2.22045e-16   5.55112e-16            1   3.33067e-16   
-3.33067e-16    2.498e-16   6.2797e-16            1   
