X-data: Y-data:
         1        117
         2        100
         3         88
         4         72
         6         53
         9       29.5
        10       25.2
        13       15.2
        15       11.1
A=
      0.22      0.55      0.24         1
      0.44      0.57      0.27      0.43
      0.55      0.42       0.9      0.79
      0.23      0.23      0.67      0.34
      0.48      0.45      0.89       0.3
      0.07       0.9      0.93       0.5
      0.73      0.57      0.55      0.92


Q=
      0.19      0.36     -0.37      0.67
      0.37      0.15     -0.47     -0.47
      0.47     -0.13      0.38      0.35
      0.19    0.0063      0.46      0.18
      0.41    -0.028      0.37     -0.39
      0.06       0.9      0.24     -0.15
      0.63     -0.16      -0.3     0.027


R=
       1.2       1.2       1.5       1.5
         0      0.93      0.73       0.6
         0         0      0.82     -0.17
         0         0         0      0.64


Q^T*Q=
         1  -3.2e-16  -1.4e-16  -4.1e-16
  -3.2e-16         1  -4.9e-17  -2.1e-16
  -1.4e-16  -4.9e-17         1  -5.9e-17
  -4.1e-16  -2.1e-16  -5.9e-17         1


Thus QR decomposition seems to work on tall matricies.
         1       4.8      0.05
         2       4.6      0.05
         3       4.5      0.05
         4       4.3      0.05
         6         4      0.05
         9       3.4      0.05
        10       3.2      0.05
        13       2.7      0.05
        15       2.4      0.05


        20       -20
        20       -40
        20       -60
        20       -80
        20  -1.2e+02
        20  -1.8e+02
        20    -2e+02
        20  -2.6e+02
        20    -3e+02


Covy=
   0.00089   8.8e-05
   8.7e-05   1.3e-05


C=
   4.95867     0.171379   
Delta C=
 0.0298375   0.00353553   
 My halftime:
    4.04452 Max:    4.12971 min:    3.96277
 Online: 3.63
 Thus they dont agree. However it should benoted that the other isotopes of Radium has markedly higher half times (14 days and 1600 years respectively) and so contamination could lead to the higher half-time observed.







